Double differences phase observations [m]:
4	180848.7707
5	192567.2895
6	-216415.0303
24	-2197.222038
25	-204701.5233

Double differences code observations [m]:
4	-228.1435873
5	-476.6016166
6	184.9570045
24	-418.7113802
25	610.1319321



L =
          181077.045849433
          193043.661713966
         -216600.084842359
         -1778.67713098646
         -205312.079879313
         0.131538596004248
        -0.229357335716486
       -0.0975540541112423
        -0.166472993791103
        -0.424627874046564



-1,13621411824749	0,257784187400933	-0,0817209098745853	0,190293672800000	0	0	0	0
-0,199905446101236	0,584564662046171	-0,314502056137227	0	0,190293672800000	0	0	0
0,306467484384016	-0,300582681352322	-0,348460375721898	0	0	0,190293672800000	0	0
-0,605237280047120	0,529040269997613	-0,104596130712473	0	0	0	0,190293672800000	0
-0,338915506039843	-0,846774966562484	-0,0497703103396042	0	0	0	0	0,190293672800000
-1,13621411824749	0,257784187400933	-0,0817209098745853	0	0	0	0	0
-0,199905446101236	0,584564662046171	-0,314502056137227	0	0	0	0	0
0,306467484384016	-0,300582681352322	-0,348460375721898	0	0	0	0	0
-0,605237280047120	0,529040269997613	-0,104596130712473	0	0	0	0	0
-0,338915506039843	-0,846774966562484	-0,0497703103396042	0	0	0	0	0





X =

       -0.0299887110028885
          0.15737069475857
         0.223582650001906
          951566.002237313
          1014451.14387324
         -1138240.42203699
         -9347.42141113784
         -1078921.55655003


